# NumOfChanges Mean(Scores) Max(Scores) Min(Scores) Mean(Span(Scores)) Mean(SD(Sco)) SD(Mean(Sco)) Max(Mean(Sco)) Min(Mean(Sco))
0.0000000000   0.0897365585   0.0897365585   0.0897365585   0.0000000000   nan   nan   0.0897365585   0.0897365585
1.0000000000   0.1171042174   0.1254186183   0.0922510475   0.0000000000   nan   0.0104830647   0.1254186183   0.0922510475
2.0000000000   0.1285234392   0.1526180655   0.1125108302   0.0000000000   nan   0.0072885007   0.1526180655   0.1125108302
3.0000000000   0.1337872595   0.1606503576   0.1210208684   0.0000000000   nan   0.0078152278   0.1606503576   0.1210208684
4.0000000000   0.1372741014   0.1732315719   0.1255450696   0.0000000000   nan   0.0093317404   0.1732315719   0.1255450696
5.0000000000   0.1395588517   0.2053291649   0.1253586560   0.0000000000   nan   0.0101034464   0.2053291649   0.1253586560
6.0000000000   0.1415548623   0.1839565933   0.1281394213   0.0000000000   nan   0.0104510132   0.1839565933   0.1281394213
7.0000000000   0.1431121677   0.1767627895   0.1297699511   0.0000000000   nan   0.0101469420   0.1767627895   0.1297699511
8.0000000000   0.1432631314   0.1673348993   0.1291889697   0.0000000000   nan   0.0100772250   0.1673348993   0.1291889697
9.0000000000   0.1421427429   0.1548238546   0.1350569576   0.0000000000   nan   0.0073576607   0.1548238546   0.1350569576
10.0000000000   0.1422521621   0.1422521621   0.1422521621   0.0000000000   nan   nan   0.1422521621   0.1422521621
