# NumOfChanges Mean(Scores) Max(Scores) Min(Scores) Mean(Span(Scores)) Mean(SD(Sco)) SD(Mean(Sco)) Max(Mean(Sco)) Min(Mean(Sco))
0.0000000000   0.4004229307   0.4004229307   0.4004229307   0.0000000000   nan   nan   0.4004229307   0.4004229307
1.0000000000   0.4150215983   0.4422204494   0.4034213722   0.0000000000   nan   0.0135713406   0.4422204494   0.4034213722
2.0000000000   0.4257735312   0.4812317193   0.4098160863   0.0000000000   nan   0.0155753875   0.4812317193   0.4098160863
3.0000000000   0.4308730066   0.4806064367   0.4138786793   0.0000000000   nan   0.0165583063   0.4806064367   0.4138786793
4.0000000000   0.4325439036   0.5140338540   0.4126538038   0.0000000000   nan   0.0171190351   0.5140338540   0.4126538038
5.0000000000   0.4329231083   0.5254686475   0.4135031104   0.0000000000   nan   0.0150635168   0.5254686475   0.4135031104
6.0000000000   0.4335226119   0.5021316409   0.4178642929   0.0000000000   nan   0.0148423500   0.5021316409   0.4178642929
7.0000000000   0.4331713915   0.4751211107   0.4164718986   0.0000000000   nan   0.0118574789   0.4751211107   0.4164718986
8.0000000000   0.4316860139   0.4622076154   0.4179818630   0.0000000000   nan   0.0107132401   0.4622076154   0.4179818630
9.0000000000   0.4280712605   0.4482361376   0.4209328592   0.0000000000   nan   0.0106146568   0.4482361376   0.4209328592
10.0000000000   0.4220818877   0.4220818877   0.4220818877   0.0000000000   nan   nan   0.4220818877   0.4220818877
