# NumOfChanges Mean(Scores) Max(Scores) Min(Scores) Mean(Span(Scores)) Mean(SD(Sco)) SD(Mean(Sco)) Max(Mean(Sco)) Min(Mean(Sco))
0.0000000000   0.0146205612   0.0146205612   0.0146205612   0.0000000000   nan   nan   0.0146205612   0.0146205612
1.0000000000   0.0285205729   0.0509638004   0.0188884381   0.0000000000   nan   0.0121274889   0.0509638004   0.0188884381
2.0000000000   0.0410771556   0.0810275227   0.0247737691   0.0000000000   nan   0.0120630618   0.0810275227   0.0247737691
3.0000000000   0.0485591739   0.0889869854   0.0319786929   0.0000000000   nan   0.0135546466   0.0889869854   0.0319786929
4.0000000000   0.0543831997   0.1160404906   0.0384350158   0.0000000000   nan   0.0148521736   0.1160404906   0.0384350158
5.0000000000   0.0575419888   0.1601119190   0.0394677967   0.0000000000   nan   0.0157182366   0.1601119190   0.0394677967
6.0000000000   0.0617578961   0.1298878640   0.0455467589   0.0000000000   nan   0.0157336649   0.1298878640   0.0455467589
7.0000000000   0.0645812973   0.1309071630   0.0474127196   0.0000000000   nan   0.0165377986   0.1309071630   0.0474127196
8.0000000000   0.0661136061   0.1076154709   0.0503566824   0.0000000000   nan   0.0140739074   0.1076154709   0.0503566824
9.0000000000   0.0634822994   0.0850971565   0.0529833548   0.0000000000   nan   0.0114472108   0.0850971565   0.0529833548
10.0000000000   0.0634185225   0.0634185225   0.0634185225   0.0000000000   nan   nan   0.0634185225   0.0634185225
