# NumOfChanges Mean(Scores) Max(Scores) Min(Scores) Mean(Span(Scores)) Mean(SD(Sco)) SD(Mean(Sco)) Max(Mean(Sco)) Min(Mean(Sco))
0.0000000000   0.0126255751   0.0146205612   0.0099967523   0.0046238089   0.0020275242   nan   0.0126255751   0.0126255751
1.0000000000   0.0287712868   0.0534838028   0.0188884381   0.0057622818   0.0024241623   0.0110597052   0.0494748093   0.0202105306
2.0000000000   0.0407852493   0.0814549625   0.0244617593   0.0040987320   0.0016557249   0.0122026308   0.0808356553   0.0254022442
3.0000000000   0.0485038087   0.1140748933   0.0295855515   0.0052181785   0.0021666475   0.0135395667   0.0881617516   0.0328555629
4.0000000000   0.0542966053   0.1161120683   0.0357643925   0.0046500675   0.0019046303   0.0145933777   0.1158745512   0.0379509144
5.0000000000   0.0576629974   0.1606024206   0.0391097255   0.0041224151   0.0016876657   0.0156340562   0.1603661478   0.0394390225
6.0000000000   0.0617943369   0.1309895068   0.0446053930   0.0040470706   0.0016430768   0.0156679042   0.1302610338   0.0464305207
7.0000000000   0.0643617287   0.1309071630   0.0441141911   0.0049657281   0.0019765520   0.0155112483   0.1107671484   0.0469403863
8.0000000000   0.0655083731   0.1079923287   0.0489840880   0.0046196189   0.0019306180   0.0133762006   0.1073943377   0.0501798019
9.0000000000   0.0651052445   0.0882803127   0.0529833548   0.0058348682   0.0023353281   0.0110226646   0.0862377658   0.0570934936
10.0000000000   0.0642188638   0.0659264252   0.0611858815   0.0047405437   0.0019375484   nan   0.0642188638   0.0642188638
