# NumOfChanges Mean(Scores) Max(Scores) Min(Scores) Mean(Span(Scores)) Mean(SD(Sco)) SD(Mean(Sco)) Max(Mean(Sco)) Min(Mean(Sco))
0.0000000000   0.0099967523   0.0099967523   0.0099967523   0.0000000000   nan   nan   0.0099967523   0.0099967523
1.0000000000   0.0281007495   0.0534838028   0.0204903390   0.0000000000   nan   0.0115813324   0.0534838028   0.0204903390
2.0000000000   0.0407752953   0.0809980482   0.0244617593   0.0000000000   nan   0.0126082841   0.0809980482   0.0244617593
3.0000000000   0.0483912490   0.0894121155   0.0295855515   0.0000000000   nan   0.0135839125   0.0894121155   0.0295855515
4.0000000000   0.0541757494   0.1157824323   0.0357643925   0.0000000000   nan   0.0148089342   0.1157824323   0.0357643925
5.0000000000   0.0575156733   0.1604976952   0.0396077037   0.0000000000   nan   0.0158628225   0.1604976952   0.0396077037
6.0000000000   0.0618191585   0.1309895068   0.0446053930   0.0000000000   nan   0.0157613587   0.1309895068   0.0446053930
7.0000000000   0.0641758963   0.1115645319   0.0441141911   0.0000000000   nan   0.0154380696   0.1115645319   0.0441141911
8.0000000000   0.0650791228   0.1072234288   0.0500534289   0.0000000000   nan   0.0133329937   0.1072234288   0.0500534289
9.0000000000   0.0643012524   0.0850259066   0.0564801618   0.0000000000   nan   0.0108246226   0.0850259066   0.0564801618
10.0000000000   0.0659264252   0.0659264252   0.0659264252   0.0000000000   nan   nan   0.0659264252   0.0659264252
