# NumOfChanges Mean(Scores) Max(Scores) Min(Scores) Mean(Span(Scores)) Mean(SD(Sco)) SD(Mean(Sco)) Max(Mean(Sco)) Min(Mean(Sco))
0.0000000000   0.4212921858   0.4212921858   0.4212921858   0.0000000000   nan   nan   0.4212921858   0.4212921858
1.0000000000   0.4269188344   0.4356890321   0.4226175547   0.0000000000   nan   0.0046826205   0.4356890321   0.4226175547
2.0000000000   0.4357265830   0.4489016235   0.4252413511   0.0000000000   nan   0.0059863469   0.4489016235   0.4252413511
3.0000000000   0.4404306710   0.4550750256   0.4229307473   0.0000000000   nan   0.0062072743   0.4550750256   0.4229307473
4.0000000000   0.4427925944   0.4549278021   0.4284998178   0.0000000000   nan   0.0054946691   0.4549278021   0.4284998178
5.0000000000   0.4438278675   0.4569640756   0.4299021661   0.0000000000   nan   0.0057520946   0.4569640756   0.4299021661
6.0000000000   0.4452451468   0.4551550746   0.4346360564   0.0000000000   nan   0.0048318128   0.4551550746   0.4346360564
7.0000000000   0.4459351897   0.4551004469   0.4356654286   0.0000000000   nan   0.0047156131   0.4551004469   0.4356654286
8.0000000000   0.4452817738   0.4536066949   0.4343924522   0.0000000000   nan   0.0037970978   0.4536066949   0.4343924522
9.0000000000   0.4426138401   0.4458872676   0.4387358129   0.0000000000   nan   0.0020633852   0.4458872676   0.4387358129
10.0000000000   0.4416150749   0.4416150749   0.4416150749   0.0000000000   nan   nan   0.4416150749   0.4416150749
