# NumOfChanges Mean(Scores) Max(Scores) Min(Scores) Mean(Span(Scores)) Mean(SD(Sco)) SD(Mean(Sco)) Max(Mean(Sco)) Min(Mean(Sco))
0.0000000000   0.4001920223   0.4001920223   0.4001920223   0.0000000000   nan   nan   0.4001920223   0.4001920223
1.0000000000   0.4153476655   0.4432537556   0.4059268236   0.0000000000   nan   0.0141303726   0.4432537556   0.4059268236
2.0000000000   0.4265691042   0.4693988860   0.4109364450   0.0000000000   nan   0.0164596662   0.4693988860   0.4109364450
3.0000000000   0.4323028624   0.4886087477   0.4167236984   0.0000000000   nan   0.0179613139   0.4886087477   0.4167236984
4.0000000000   0.4343709350   0.5054985881   0.4169892669   0.0000000000   nan   0.0182365272   0.5054985881   0.4169892669
5.0000000000   0.4349105656   0.5231444240   0.4201451540   0.0000000000   nan   0.0159355830   0.5231444240   0.4201451540
6.0000000000   0.4354295135   0.5048911572   0.4214405417   0.0000000000   nan   0.0151578160   0.5048911572   0.4214405417
7.0000000000   0.4355495572   0.4762871861   0.4227940142   0.0000000000   nan   0.0117755495   0.4762871861   0.4227940142
8.0000000000   0.4341900647   0.4621693194   0.4226708114   0.0000000000   nan   0.0103576891   0.4621693194   0.4226708114
9.0000000000   0.4308637679   0.4499633014   0.4248323739   0.0000000000   nan   0.0090305237   0.4499633014   0.4248323739
10.0000000000   0.4250968695   0.4250968695   0.4250968695   0.0000000000   nan   nan   0.4250968695   0.4250968695
