# NumOfChanges Mean(Scores) Max(Scores) Min(Scores) Mean(Span(Scores)) Mean(SD(Sco)) SD(Mean(Sco)) Max(Mean(Sco)) Min(Mean(Sco))
0.0000000000   0.0153626753   0.0153626753   0.0153626753   0.0000000000   nan   nan   0.0153626753   0.0153626753
1.0000000000   0.0277749449   0.0489961840   0.0185622107   0.0000000000   nan   0.0114954738   0.0489961840   0.0185622107
2.0000000000   0.0404428579   0.0806225985   0.0251350533   0.0000000000   nan   0.0123139815   0.0806225985   0.0251350533
3.0000000000   0.0509687103   0.0882471427   0.0322777256   0.0000000000   nan   0.0157054365   0.0882471427   0.0322777256
4.0000000000   0.0553647839   0.1153221652   0.0375892334   0.0000000000   nan   0.0178078227   0.1153221652   0.0375892334
5.0000000000   0.0610910691   0.1596308798   0.0453370959   0.0000000000   nan   0.0208777804   0.1596308798   0.0453370959
6.0000000000   0.0618240461   0.1019413546   0.0457078591   0.0000000000   nan   0.0134868110   0.1019413546   0.0457078591
7.0000000000   0.0660922825   0.1468836665   0.0491928086   0.0000000000   nan   0.0194756854   0.1468836665   0.0491928086
8.0000000000   0.0656985790   0.1093500033   0.0495910905   0.0000000000   nan   0.0136475116   0.1093500033   0.0495910905
9.0000000000   0.0651040673   0.0875051469   0.0552834459   0.0000000000   nan   0.0116341421   0.0875051469   0.0552834459
10.0000000000   0.0642320737   0.0642320737   0.0642320737   0.0000000000   nan   nan   0.0642320737   0.0642320737
