# NumOfChanges Mean(Scores) Max(Scores) Min(Scores) Mean(Span(Scores)) Mean(SD(Sco)) SD(Mean(Sco)) Max(Mean(Sco)) Min(Mean(Sco))
0.0000000000   0.4002307057   0.4002307057   0.4002307057   0.0000000000   nan   nan   0.4002307057   0.4002307057
1.0000000000   0.4089419246   0.4115333557   0.4057740271   0.0000000000   nan   0.0023193930   0.4115333557   0.4057740271
2.0000000000   0.4172706604   0.4233970344   0.4096928537   0.0000000000   nan   0.0031881181   0.4233970344   0.4096928537
3.0000000000   0.4221614003   0.4298204482   0.4132298529   0.0000000000   nan   0.0034385403   0.4298204482   0.4132298529
4.0000000000   0.4250077009   0.4325326979   0.4152028561   0.0000000000   nan   0.0031958227   0.4325326979   0.4152028561
5.0000000000   0.4264414310   0.4337440431   0.4187568724   0.0000000000   nan   0.0033046161   0.4337440431   0.4187568724
6.0000000000   0.4277894497   0.4336930811   0.4208096564   0.0000000000   nan   0.0027748148   0.4336930811   0.4208096564
7.0000000000   0.4283584952   0.4329974651   0.4210944176   0.0000000000   nan   0.0027554778   0.4329974651   0.4210944176
8.0000000000   0.4279128313   0.4331788123   0.4220781326   0.0000000000   nan   0.0023684495   0.4331788123   0.4220781326
9.0000000000   0.4263329506   0.4281087816   0.4241488874   0.0000000000   nan   0.0015208273   0.4281087816   0.4241488874
10.0000000000   0.4248969555   0.4248969555   0.4248969555   0.0000000000   nan   nan   0.4248969555   0.4248969555
