# NumOfChanges Mean(Scores) Max(Scores) Min(Scores) Mean(Span(Scores)) Mean(SD(Sco)) SD(Mean(Sco)) Max(Mean(Sco)) Min(Mean(Sco))
0.0000000000   0.0119194100   0.0146205612   0.0099967523   0.0046238089   0.0024082027   nan   0.0119194100   0.0119194100
1.0000000000   0.0284933839   0.0534838028   0.0188884381   0.0044667027   0.0023694176   0.0113136582   0.0498426743   0.0203512441
2.0000000000   0.0407827534   0.0810275227   0.0244617593   0.0028214923   0.0014822397   0.0122026540   0.0809084401   0.0249406621
3.0000000000   0.0483542830   0.0894121155   0.0295855515   0.0032720258   0.0017289788   0.0135486815   0.0882674158   0.0331098922
4.0000000000   0.0541775934   0.1161120683   0.0357643925   0.0034682504   0.0018249900   0.0146519253   0.1158011556   0.0373118222
5.0000000000   0.0576011799   0.1606024206   0.0391673967   0.0029768781   0.0015603518   0.0156755336   0.1604040116   0.0394142978
6.0000000000   0.0617458448   0.1309895068   0.0446053930   0.0027751117   0.0014615662   0.0156656504   0.1302890927   0.0458246879
7.0000000000   0.0642776117   0.1309071630   0.0441141911   0.0035744829   0.0018756080   0.0156793166   0.1104984209   0.0471575670
8.0000000000   0.0657134131   0.1076154709   0.0495050997   0.0032692607   0.0017357576   0.0135725802   0.1072721705   0.0505833440
9.0000000000   0.0642947480   0.0856660604   0.0529833548   0.0027085706   0.0014017492   0.0109341247   0.0849689245   0.0570731051
10.0000000000   0.0635102764   0.0659264252   0.0611858815   0.0047405437   0.0023716034   nan   0.0635102764   0.0635102764
