# NumOfChanges Mean(Scores) Max(Scores) Min(Scores) Mean(Span(Scores)) Mean(SD(Sco)) SD(Mean(Sco)) Max(Mean(Sco)) Min(Mean(Sco))
0.0000000000   0.0356726684   0.0356726684   0.0356726684   0.0000000000   nan   nan   0.0356726684   0.0356726684
1.0000000000   0.0991706774   0.1128980219   0.0837042630   0.0000000000   nan   0.0090051610   0.1128980219   0.0837042630
2.0000000000   0.1202740446   0.1355270296   0.1089469865   0.0000000000   nan   0.0054921475   0.1355270296   0.1089469865
3.0000000000   0.1283505261   0.1553052515   0.1156416014   0.0000000000   nan   0.0079605449   0.1553052515   0.1156416014
4.0000000000   0.1322704554   0.1718507856   0.1198590025   0.0000000000   nan   0.0099459141   0.1718507856   0.1198590025
5.0000000000   0.1344506443   0.2019809932   0.1227555126   0.0000000000   nan   0.0106226820   0.2019809932   0.1227555126
6.0000000000   0.1366132349   0.1836097836   0.1252741665   0.0000000000   nan   0.0107665863   0.1836097836   0.1252741665
7.0000000000   0.1376553476   0.1688356698   0.1246511042   0.0000000000   nan   0.0102639347   0.1688356698   0.1246511042
8.0000000000   0.1376384795   0.1672259271   0.1268845648   0.0000000000   nan   0.0092932237   0.1672259271   0.1268845648
9.0000000000   0.1363641322   0.1512580812   0.1304886639   0.0000000000   nan   0.0078212479   0.1512580812   0.1304886639
10.0000000000   0.1330237687   0.1330237687   0.1330237687   0.0000000000   nan   nan   0.1330237687   0.1330237687
