# NumOfChanges Mean(Scores) Max(Scores) Min(Scores) Mean(Span(Scores)) Mean(SD(Sco)) SD(Mean(Sco)) Max(Mean(Sco)) Min(Mean(Sco))
0.0000000000   0.4227311015   0.4240241051   0.4220569730   0.0019671321   0.0006051009   nan   0.4227311015   0.4227311015
1.0000000000   0.4403941035   0.4781415164   0.4294552803   0.0032622039   0.0010290089   0.0170678254   0.4756522179   0.4299818873
2.0000000000   0.4509711862   0.5139318705   0.4352015555   0.0043243533   0.0013850431   0.0178310424   0.5048407316   0.4363679886
3.0000000000   0.4558833838   0.5184242129   0.4404979646   0.0042213947   0.0013434478   0.0180427153   0.5106536150   0.4422186017
4.0000000000   0.4576106966   0.5414707661   0.4417261183   0.0038493418   0.0012297259   0.0180995557   0.5308852196   0.4440422952
5.0000000000   0.4581400752   0.5901489258   0.4438130558   0.0038197213   0.0012317662   0.0172581077   0.5672916174   0.4443518221
6.0000000000   0.4582224190   0.5374957323   0.4456774890   0.0035573947   0.0011290796   0.0159728751   0.5293715000   0.4462358057
7.0000000000   0.4580274522   0.5126487017   0.4465572834   0.0035750212   0.0011229253   0.0141978757   0.5065502524   0.4472514093
8.0000000000   0.4567164183   0.4966830313   0.4463013709   0.0034211946   0.0010692960   0.0123732165   0.4912650585   0.4469259381
9.0000000000   0.4534662664   0.4773337543   0.4469866455   0.0022904933   0.0007827451   0.0107550900   0.4743881822   0.4477427602
10.0000000000   0.4473232627   0.4475734830   0.4471824169   0.0003910661   0.0001269983   nan   0.4473232627   0.4473232627
