# NumOfChanges Mean(Scores) Max(Scores) Min(Scores) Mean(Span(Scores)) Mean(SD(Sco)) SD(Mean(Sco)) Max(Mean(Sco)) Min(Mean(Sco))
0.0000000000   0.2941406667   0.3105909228   0.2857090235   0.0248818994   0.0079566240   nan   0.2941406667   0.2941406667
1.0000000000   0.3695469797   0.4295303524   0.3352752328   0.0163597614   0.0050794934   0.0273873992   0.4209169745   0.3388369679
2.0000000000   0.4341070354   0.5337907076   0.3703652918   0.0118805412   0.0038085973   0.0394791290   0.5318349600   0.3755562603
3.0000000000   0.4852297604   0.6074235439   0.3949627280   0.0093857683   0.0029406624   0.0458925813   0.6027563214   0.3991763294
4.0000000000   0.5282419324   0.6556458473   0.4294010997   0.0084102219   0.0026455135   0.0480044186   0.6543936133   0.4334918559
5.0000000000   0.5648151040   0.6928739548   0.4533844292   0.0072073168   0.0022483203   0.0474186838   0.6918764710   0.4579728544
6.0000000000   0.5951267481   0.6913297176   0.4874911010   0.0055204039   0.0017432974   0.0438641794   0.6908627748   0.4913265109
7.0000000000   0.6208864450   0.6897908449   0.5207350850   0.0046297968   0.0014579297   0.0377549492   0.6889255047   0.5241903663
8.0000000000   0.6424996853   0.6878567338   0.5599755049   0.0034197583   0.0010678293   0.0298961289   0.6871790290   0.5619870424
9.0000000000   0.6608248949   0.6850536466   0.6264961958   0.0027850033   0.0009773677   0.0202654786   0.6845527887   0.6276942492
10.0000000000   0.6755694151   0.6765301228   0.6749503613   0.0015797615   0.0005082298   nan   0.6755694151   0.6755694151
