# NumOfChanges Mean(Scores) Max(Scores) Min(Scores) Mean(Span(Scores)) Mean(SD(Sco)) SD(Mean(Sco)) Max(Mean(Sco)) Min(Mean(Sco))
0.0000000000   0.1115618050   0.1115618050   0.1115618050   0.0000000000   nan   nan   0.1115618050   0.1115618050
1.0000000000   0.1339783370   0.1437631398   0.1245390475   0.0000000000   nan   0.0061804010   0.1437631398   0.1245390475
2.0000000000   0.1378687918   0.1540860385   0.1255041957   0.0000000000   nan   0.0062062582   0.1540860385   0.1255041957
3.0000000000   0.1435062736   0.1635019630   0.1317864805   0.0000000000   nan   0.0067315111   0.1635019630   0.1317864805
4.0000000000   0.1458340436   0.1753564179   0.1269940883   0.0000000000   nan   0.0081060529   0.1753564179   0.1269940883
5.0000000000   0.1485538632   0.2057167143   0.1304097474   0.0000000000   nan   0.0086326143   0.2057167143   0.1304097474
6.0000000000   0.1499789655   0.1882320493   0.1350212693   0.0000000000   nan   0.0087098479   0.1882320493   0.1350212693
7.0000000000   0.1514506042   0.1825793386   0.1365494132   0.0000000000   nan   0.0082821017   0.1825793386   0.1365494132
8.0000000000   0.1513962150   0.1686212718   0.1368522048   0.0000000000   nan   0.0067930282   0.1686212718   0.1368522048
9.0000000000   0.1512223035   0.1626591235   0.1437436044   0.0000000000   nan   0.0061090202   0.1626591235   0.1437436044
10.0000000000   0.1473267823   0.1473267823   0.1473267823   0.0000000000   nan   nan   0.1473267823   0.1473267823
