# NumOfChanges Mean(Scores) Max(Scores) Min(Scores) Mean(Span(Scores)) Mean(SD(Sco)) SD(Mean(Sco)) Max(Mean(Sco)) Min(Mean(Sco))
0.0000000000   0.0111409174   0.0111409174   0.0111409174   0.0000000000   nan   nan   0.0111409174   0.0111409174
1.0000000000   0.0288588312   0.0510954261   0.0202466585   0.0000000000   nan   0.0108500673   0.0510954261   0.0202466585
2.0000000000   0.0404957980   0.0806997642   0.0250749867   0.0000000000   nan   0.0121655399   0.0806997642   0.0250749867
3.0000000000   0.0481124260   0.0883823484   0.0320435092   0.0000000000   nan   0.0139256166   0.0883823484   0.0320435092
4.0000000000   0.0539738052   0.1161120683   0.0371082351   0.0000000000   nan   0.0148831522   0.1161120683   0.0371082351
5.0000000000   0.0577458739   0.1606024206   0.0391673967   0.0000000000   nan   0.0157274269   0.1606024206   0.0391673967
6.0000000000   0.0616604537   0.1299899220   0.0446911789   0.0000000000   nan   0.0157833416   0.1299899220   0.0446911789
7.0000000000   0.0640756413   0.1104160398   0.0471844673   0.0000000000   nan   0.0157321393   0.1104160398   0.0471844673
8.0000000000   0.0659475029   0.1069775969   0.0495050997   0.0000000000   nan   0.0138461553   0.1069775969   0.0495050997
9.0000000000   0.0651006848   0.0856660604   0.0568045825   0.0000000000   nan   0.0108778225   0.0856660604   0.0568045825
10.0000000000   0.0611858815   0.0611858815   0.0611858815   0.0000000000   nan   nan   0.0611858815   0.0611858815
