# NumOfChanges Mean(Scores) Max(Scores) Min(Scores) Mean(Span(Scores)) Mean(SD(Sco)) SD(Mean(Sco)) Max(Mean(Sco)) Min(Mean(Sco))
0.0000000000   0.6340360045   0.6375161409   0.6321938634   0.0053222775   0.0014715900   nan   0.6340360045   0.6340360045
1.0000000000   0.6493774056   0.6600230932   0.6357555389   0.0065402864   0.0020212082   0.0052651572   0.6582944393   0.6382009983
2.0000000000   0.6606236100   0.6696946025   0.6384596825   0.0044498178   0.0013753324   0.0051637474   0.6684889197   0.6409106255
3.0000000000   0.6668022871   0.6767776608   0.6526031494   0.0035656064   0.0011254898   0.0039172713   0.6719220877   0.6543926001
4.0000000000   0.6698385477   0.6759772301   0.6514957547   0.0033269944   0.0010557075   0.0030533602   0.6740709543   0.6543077230
5.0000000000   0.6708980799   0.6784006357   0.6556537747   0.0034378325   0.0010782249   0.0030467149   0.6762531400   0.6568441391
6.0000000000   0.6709485650   0.6784815192   0.6617223620   0.0033852416   0.0010602117   0.0027921633   0.6762177348   0.6633563638
7.0000000000   0.6700952053   0.6769508123   0.6585313678   0.0031436454   0.0010018091   0.0029404240   0.6744955778   0.6604470611
8.0000000000   0.6678763628   0.6737032533   0.6583006978   0.0033762865   0.0010568853   0.0024809160   0.6727321744   0.6597524881
9.0000000000   0.6643959284   0.6703557372   0.6594269872   0.0036602735   0.0011091589   0.0016217267   0.6662596464   0.6619039774
10.0000000000   0.6610326171   0.6629535556   0.6583651900   0.0045883656   0.0013022134   nan   0.6610326171   0.6610326171
