# NumOfChanges Mean(Scores) Max(Scores) Min(Scores) Mean(Span(Scores)) Mean(SD(Sco)) SD(Mean(Sco)) Max(Mean(Sco)) Min(Mean(Sco))
0.0000000000   0.3582119346   0.3582119346   0.3582119346   0.0000000000   nan   nan   0.3582119346   0.3582119346
1.0000000000   0.3797722161   0.3990219533   0.3492373824   0.0000000000   nan   0.0132949576   0.3990219533   0.3492373824
2.0000000000   0.3891088665   0.4165836275   0.3642264903   0.0000000000   nan   0.0144977169   0.4165836275   0.3642264903
3.0000000000   0.3938706815   0.4264618456   0.3506007493   0.0000000000   nan   0.0172855947   0.4264618456   0.3506007493
4.0000000000   0.3986743689   0.4318415821   0.3659992218   0.0000000000   nan   0.0144351572   0.4318415821   0.3659992218
5.0000000000   0.4012873173   0.4334151149   0.3539825380   0.0000000000   nan   0.0157082174   0.4334151149   0.3539825380
6.0000000000   0.4048951268   0.4326441288   0.3680366874   0.0000000000   nan   0.0135786450   0.4326441288   0.3680366874
7.0000000000   0.4066755176   0.4320359826   0.3641270399   0.0000000000   nan   0.0141118187   0.4320359826   0.3641270399
8.0000000000   0.4073438346   0.4294609427   0.3809173405   0.0000000000   nan   0.0122868149   0.4294609427   0.3809173405
9.0000000000   0.4029118419   0.4204692245   0.3756479323   0.0000000000   nan   0.0136857126   0.4204692245   0.3756479323
10.0000000000   0.3988783062   0.3988783062   0.3988783062   0.0000000000   nan   nan   0.3988783062   0.3988783062
