# NumOfChanges Mean(Scores) Max(Scores) Min(Scores) Mean(Span(Scores)) Mean(SD(Sco)) SD(Mean(Sco)) Max(Mean(Sco)) Min(Mean(Sco))
0.0000000000   0.1656828821   0.1656828821   0.1656828821   0.0000000000   nan   nan   0.1656828821   0.1656828821
1.0000000000   0.1605954170   0.1825218201   0.1397454590   0.0000000000   nan   0.0155149121   0.1825218201   0.1397454590
2.0000000000   0.1675712019   0.2174870223   0.1295820624   0.0000000000   nan   0.0158857349   0.2174870223   0.1295820624
3.0000000000   0.1678860933   0.2226670384   0.1403746456   0.0000000000   nan   0.0154476138   0.2226670384   0.1403746456
4.0000000000   0.1718607545   0.2485167682   0.1348817647   0.0000000000   nan   0.0172001254   0.2485167682   0.1348817647
5.0000000000   0.1737823784   0.2594181895   0.1392748356   0.0000000000   nan   0.0184405278   0.2594181895   0.1392748356
6.0000000000   0.1757106930   0.2371551841   0.1436468512   0.0000000000   nan   0.0170909874   0.2371551841   0.1436468512
7.0000000000   0.1784202307   0.2324068546   0.1516789347   0.0000000000   nan   0.0164450780   0.2324068546   0.1516789347
8.0000000000   0.1813851893   0.2099726498   0.1456868351   0.0000000000   nan   0.0162162166   0.2099726498   0.1456868351
9.0000000000   0.1852507591   0.1992477626   0.1699077338   0.0000000000   nan   0.0110460883   0.1992477626   0.1699077338
10.0000000000   0.1888071597   0.1888071597   0.1888071597   0.0000000000   nan   nan   0.1888071597   0.1888071597
