# NumOfChanges Mean(Scores) Max(Scores) Min(Scores) Mean(Span(Scores)) Mean(SD(Sco)) SD(Mean(Sco)) Max(Mean(Sco)) Min(Mean(Sco))
0.0000000000   0.4002625942   0.4002625942   0.4002625942   0.0000000000   nan   nan   0.4002625942   0.4002625942
1.0000000000   0.4095257223   0.4122087061   0.4060003459   0.0000000000   nan   0.0022437337   0.4122087061   0.4060003459
2.0000000000   0.4174681306   0.4238647223   0.4097202122   0.0000000000   nan   0.0030187753   0.4238647223   0.4097202122
3.0000000000   0.4226595759   0.4293560386   0.4155769646   0.0000000000   nan   0.0031016814   0.4293560386   0.4155769646
4.0000000000   0.4256080687   0.4316190183   0.4158635736   0.0000000000   nan   0.0029040384   0.4316190183   0.4158635736
5.0000000000   0.4271821678   0.4331895113   0.4189010262   0.0000000000   nan   0.0030413487   0.4331895113   0.4189010262
6.0000000000   0.4284600616   0.4352042675   0.4215137661   0.0000000000   nan   0.0025322870   0.4352042675   0.4215137661
7.0000000000   0.4291259646   0.4342149198   0.4224404693   0.0000000000   nan   0.0025111204   0.4342149198   0.4224404693
8.0000000000   0.4286247194   0.4342336059   0.4229837060   0.0000000000   nan   0.0022246642   0.4342336059   0.4229837060
9.0000000000   0.4272812903   0.4289989471   0.4259524941   0.0000000000   nan   0.0011667039   0.4289989471   0.4259524941
10.0000000000   0.4256712496   0.4256712496   0.4256712496   0.0000000000   nan   nan   0.4256712496   0.4256712496
