# NumOfChanges Mean(Scores) Max(Scores) Min(Scores) Mean(Span(Scores)) Mean(SD(Sco)) SD(Mean(Sco)) Max(Mean(Sco)) Min(Mean(Sco))
0.0000000000   0.2028423697   0.2028423697   0.2028423697   0.0000000000   nan   nan   0.2028423697   0.2028423697
1.0000000000   0.3008551300   0.3585566580   0.2560960352   0.0000000000   nan   0.0396208726   0.3585566580   0.2560960352
2.0000000000   0.3814679980   0.5043393970   0.3085797727   0.0000000000   nan   0.0540637746   0.5043393970   0.3085797727
3.0000000000   0.4394133687   0.5831424594   0.3209530711   0.0000000000   nan   0.0576316901   0.5831424594   0.3209530711
4.0000000000   0.4871451855   0.6421061754   0.3738282621   0.0000000000   nan   0.0597572997   0.6421061754   0.3738282621
5.0000000000   0.5257312655   0.6889899969   0.4046356082   0.0000000000   nan   0.0581316873   0.6889899969   0.4046356082
6.0000000000   0.5596561432   0.6874657869   0.4349777400   0.0000000000   nan   0.0557213537   0.6874657869   0.4349777400
7.0000000000   0.5886067152   0.6857461333   0.4509016275   0.0000000000   nan   0.0510490648   0.6857461333   0.4509016275
8.0000000000   0.6156452894   0.6795878410   0.5163370967   0.0000000000   nan   0.0404487550   0.6795878410   0.5163370967
9.0000000000   0.6386857033   0.6739892364   0.5937633514   0.0000000000   nan   0.0286167897   0.6739892364   0.5937633514
10.0000000000   0.6565178633   0.6565178633   0.6565178633   0.0000000000   nan   nan   0.6565178633   0.6565178633
