# NumOfChanges Mean(Scores) Max(Scores) Min(Scores) Mean(Span(Scores)) Mean(SD(Sco)) SD(Mean(Sco)) Max(Mean(Sco)) Min(Mean(Sco))
0.0000000000   0.4210040569   0.4210040569   0.4210040569   0.0000000000   nan   nan   0.4210040569   0.4210040569
1.0000000000   0.4334387779   0.4616474509   0.4243042767   0.0000000000   nan   0.0122020785   0.4616474509   0.4243042767
2.0000000000   0.4441793263   0.4875976145   0.4271768630   0.0000000000   nan   0.0149531160   0.4875976145   0.4271768630
3.0000000000   0.4495359063   0.4985494912   0.4310204089   0.0000000000   nan   0.0148716057   0.4985494912   0.4310204089
4.0000000000   0.4512256682   0.5106469393   0.4324038029   0.0000000000   nan   0.0156875290   0.5106469393   0.4324038029
5.0000000000   0.4520492554   0.5297670364   0.4342655838   0.0000000000   nan   0.0147492848   0.5297670364   0.4342655838
6.0000000000   0.4526639283   0.5153490305   0.4355125725   0.0000000000   nan   0.0137330694   0.5153490305   0.4355125725
7.0000000000   0.4530581832   0.4924918115   0.4392915070   0.0000000000   nan   0.0111525683   0.4924918115   0.4392915070
8.0000000000   0.4520101845   0.4786501229   0.4393960238   0.0000000000   nan   0.0096787643   0.4786501229   0.4393960238
9.0000000000   0.4479557574   0.4653339684   0.4419818819   0.0000000000   nan   0.0074253506   0.4653339684   0.4419818819
10.0000000000   0.4441434145   0.4441434145   0.4441434145   0.0000000000   nan   nan   0.4441434145   0.4441434145
