# NumOfChanges Mean(Scores) Max(Scores) Min(Scores) Mean(Span(Scores)) Mean(SD(Sco)) SD(Mean(Sco)) Max(Mean(Sco)) Min(Mean(Sco))
0.0000000000   0.4001405835   0.4001405835   0.4001405835   0.0000000000   nan   nan   0.4001405835   0.4001405835
1.0000000000   0.4085919857   0.4125950933   0.4030031264   0.0000000000   nan   0.0033654543   0.4125950933   0.4030031264
2.0000000000   0.4170953929   0.4237390459   0.4044538438   0.0000000000   nan   0.0039161225   0.4237390459   0.4044538438
3.0000000000   0.4215369523   0.4298660457   0.4079942405   0.0000000000   nan   0.0042996928   0.4298660457   0.4079942405
4.0000000000   0.4236980379   0.4319856763   0.4091966152   0.0000000000   nan   0.0040115551   0.4319856763   0.4091966152
5.0000000000   0.4247181118   0.4328087866   0.4127212465   0.0000000000   nan   0.0043519512   0.4328087866   0.4127212465
6.0000000000   0.4257968962   0.4329535663   0.4168538749   0.0000000000   nan   0.0036415334   0.4329535663   0.4168538749
7.0000000000   0.4262289405   0.4321760237   0.4162882268   0.0000000000   nan   0.0036938065   0.4321760237   0.4162882268
8.0000000000   0.4252250195   0.4318374097   0.4178474545   0.0000000000   nan   0.0032777684   0.4318374097   0.4178474545
9.0000000000   0.4233340621   0.4261972606   0.4205780029   0.0000000000   nan   0.0023454935   0.4261972606   0.4205780029
10.0000000000   0.4210687280   0.4210687280   0.4210687280   0.0000000000   nan   nan   0.4210687280   0.4210687280
